Id:T.C.:İsim:im:Soyad: qwe
Cinsiyet: 2
Doğum Tarihi: 1
Telefon Numarası: 12
E-mail: 231
Giriş Tarihi: 123
Çikiş Tarihi: 321
Depozito: 321.00
213 213 321.00
321 312 312.00
312 312 312.00
312 312 31.00
231 231 2312.00
31 231 2312.00
312 312 312.00
312 312 3123.00
123 123 123.00
123 123 123.00
123 123 231.00
Id:T.C.:İsim: 123
Soyad:im:Cinsiyet: 1
Doğum Tarihi: 32
Telefon Numarası: 123
E-mail: 123
Giriş Tarihi: 312
Çikiş Tarihi: 123
Depozito: 123.00
123 123 123.00
123 123 123.00
123 213 123.00
312 123213 321.00
123 123 231.00
321 123 213.00
312 321 312.00
312 231 123.00
231 213 312.00
231 123 321.00
123 321 213.00
123 321 213.00
123 321 213.00
